20
0 0 0 0 16 0 36 0 0 0 22 0 28 0 0 0 27 41 27 0 
0 0 22 0 35 40 35 22 0 0 0 0 0 0 0 42 17 0 0 0 
0 22 0 0 35 34 37 28 7 0 0 17 0 40 0 0 0 0 9 0 
0 0 0 0 18 35 0 41 0 0 28 0 0 0 11 0 0 0 0 0 
16 35 35 18 0 0 9 0 18 0 0 0 29 16 0 23 0 31 0 0 
0 40 34 35 0 0 0 0 47 33 0 0 27 28 5 0 0 27 18 36 
36 35 37 0 9 0 0 0 0 0 0 43 11 41 47 45 0 0 36 0 
0 22 28 41 0 0 0 0 10 49 0 0 0 0 0 5 0 29 3 0 
0 0 7 0 18 47 0 10 0 7 30 0 0 40 29 44 6 46 0 0 
0 0 0 0 0 33 0 49 7 0 6 33 0 28 25 45 40 0 0 49 
22 0 0 28 0 0 0 0 30 6 0 15 26 46 0 0 34 0 0 0 
0 0 17 0 0 0 43 0 0 33 15 0 46 25 0 43 0 0 0 44 
28 0 0 0 29 27 11 0 0 0 26 46 0 17 0 38 0 0 24 0 
0 0 40 0 16 28 41 0 40 28 46 25 17 0 28 0 0 0 6 0 
0 0 0 11 0 5 47 0 29 25 0 0 0 28 0 0 10 7 46 5 
0 42 0 0 23 0 45 5 44 45 0 43 38 0 0 0 0 0 29 39 
27 17 0 0 0 0 0 0 6 40 34 0 0 0 10 0 0 0 34 35 
41 0 0 0 31 27 0 29 46 0 0 0 0 0 7 0 0 0 0 0 
27 0 9 0 0 18 36 3 0 0 0 0 24 6 46 29 34 0 0 46 
0 0 0 0 0 36 0 0 0 49 0 44 0 0 5 39 35 0 46 0 
